{
 "cells": [
  {
   "cell_type": "code",
   "execution_count": 1,
   "metadata": {},
   "outputs": [],
   "source": [
    "import math\n",
    "import numpy as np\n",
    "from tqdm.notebook import tqdm\n",
    "import matplotlib.pyplot as plt\n",
    "from matplotlib.backends.backend_pdf import PdfPages"
   ]
  },
  {
   "cell_type": "markdown",
   "metadata": {},
   "source": [
    "# Utility"
   ]
  },
  {
   "cell_type": "code",
   "execution_count": 2,
   "metadata": {},
   "outputs": [],
   "source": [
    "\n",
    "class BoltzmannMachine:\n",
    "    def __init__(self, env_states, num_hnodes, init_W=None):\n",
    "        self.rng = np.random.default_rng()\n",
    "        self.env_states = env_states\n",
    "        self.num_vnodes = env_states.shape[1]\n",
    "        self.num_hnodes = num_hnodes\n",
    "        \n",
    "        self.num_nodes = self.num_vnodes + self.num_hnodes + 1 # last node is for conversion of bias to weights\n",
    "        if init_W is None:\n",
    "            self.W = np.zeros((self.num_nodes, self.num_nodes))\n",
    "        else:\n",
    "            self.W = init_W\n",
    "       \n",
    "        self.sa_sched = [(2, 20), (2, 15), (2, 12), (4, 10)] # list of tuple of `time` and `temperature`\n",
    "        self.equil_time_temp = (10, 10)\n",
    "        self.weight_update_magnitude = 2 # refer paper - pp. 12\n",
    "\n",
    "        self.free_run_debug = []\n",
    "        self.clamped_run_debug = []\n",
    "        self.energy_change_debug = []\n",
    "        self.learning_debug = []\n",
    "\n",
    "\n",
    "    def get_rand_init_state(self, env_state=None):\n",
    "        if env_state is not None:\n",
    "            vec = np.zeros(self.num_nodes)\n",
    "            vec[:self.num_vnodes] = env_state\n",
    "\n",
    "            rand_hstate = self.rng.integers(0, 2, size=self.num_hnodes)\n",
    "            vec[self.num_vnodes:-1] = rand_hstate\n",
    "        else:\n",
    "            vec = self.rng.integers(0, 2, size=self.num_nodes)\n",
    "        \n",
    "        vec[-1] = 1\n",
    "        return vec\n",
    "    \n",
    "\n",
    "    def sigmoid(self, x, T):\n",
    "        return 1 / (1 + math.exp(-x/T))\n",
    "    \n",
    "\n",
    "    def one_time_run(self, init_state, idxs, T):\n",
    "        one_time_states = []\n",
    "\n",
    "        # self.rng.shuffle(idxs) # this is exactly not equal to the definition of time unit in the paper.\n",
    "        # for i in idxs:\n",
    "        for _ in range(len(idxs)): # this follows the definition of `time`\n",
    "            i = self.rng.choice(idxs, 1).item()\n",
    "            energy_change = np.dot(self.W[i][:], init_state)\n",
    "            self.energy_change_debug.append(energy_change)\n",
    "            p_of_1 = self.sigmoid(energy_change, T)\n",
    "            \n",
    "            if self.rng.uniform(0, 1)<p_of_1:\n",
    "                init_state[i] = 1\n",
    "            else:\n",
    "                init_state[i] = 0\n",
    "\n",
    "            one_time_states.append(init_state.copy())\n",
    "\n",
    "        return one_time_states\n",
    "    \n",
    "    def run(self, init_state, idxs):\n",
    "        equi_states = []\n",
    "\n",
    "        # as mentioned in the paper, network was allowed to reach equilibrium twice (pp. 11).\n",
    "        for _ in range(2):\n",
    "            #SA\n",
    "            for times, T in self.sa_sched:\n",
    "                for _ in range(times):\n",
    "                    self.one_time_run(init_state, idxs, T)\n",
    "\n",
    "            # now it is assumed that it has reached equilibrium, now getting the stats at equilibrium.\n",
    "            for t in range(self.equil_time_temp[0]):\n",
    "                equi_states.extend(self.one_time_run(init_state, idxs, self.equil_time_temp[1]))\n",
    "\n",
    "        return equi_states\n",
    "\n",
    "\n",
    "    def free_run(self):\n",
    "        init_state = self.get_rand_init_state()\n",
    "        \n",
    "        #*********\n",
    "        idxs = np.arange(self.num_vnodes + self.num_hnodes)\n",
    "        #*********\n",
    "        \n",
    "        equi_states = self.run(init_state, idxs)    \n",
    "        equi_states = np.array(equi_states)\n",
    "        p_prime = (equi_states.T@equi_states)/equi_states.shape[0]\n",
    "\n",
    "        self.free_run_debug.append(\n",
    "            self.create_states_dist(equi_states)\n",
    "            )\n",
    "\n",
    "        return p_prime\n",
    "\n",
    "    def clamped_run(self):\n",
    "        equi_states = []\n",
    "        debug_list = []\n",
    "\n",
    "        for env_state in self.env_states:\n",
    "            init_state = self.get_rand_init_state(env_state)\n",
    "            \n",
    "            #*********\n",
    "            idxs = np.arange(self.num_vnodes, self.num_vnodes+self.num_hnodes)\n",
    "            #*********\n",
    "            \n",
    "            clamped_equi_states = self.run(init_state, idxs)\n",
    "            equi_states.extend(clamped_equi_states)\n",
    "\n",
    "            debug_list.append(\n",
    "                self.create_states_dist(np.array(clamped_equi_states))\n",
    "            )\n",
    "\n",
    "        equi_states = np.array(equi_states)\n",
    "        p = (equi_states.T@equi_states)/equi_states.shape[0]\n",
    "\n",
    "        self.clamped_run_debug.append(debug_list)\n",
    "\n",
    "        return p\n",
    "    \n",
    "    def search(self, query):\n",
    "        '''\n",
    "        `-1` in the query represents the nodes which needs to be filled.\n",
    "        '''\n",
    "        mask = (query==-1)\n",
    "        query[mask] = self.rng.uniform(0, 2, size=mask.sum())\n",
    "        init_state = self.get_rand_init_state(query)\n",
    "        \n",
    "        idxs_free_vis = np.nonzero(mask)[0]\n",
    "        idxs_hid = np.arange(self.num_vnodes, self.num_vnodes+self.num_hnodes)\n",
    "        \n",
    "        #*********\n",
    "        idxs = np.append(idxs_free_vis, idxs_hid)\n",
    "        #*********\n",
    "\n",
    "        equi_states = self.run(init_state, idxs)\n",
    "        equi_states = np.array(equi_states)\n",
    "        return equi_states\n",
    "        \n",
    "\n",
    "    \n",
    "    def learn(self, learning_cycles):\n",
    "        W_progression = []\n",
    "        for _ in tqdm(range(learning_cycles)):\n",
    "            p_prime = self.free_run()\n",
    "            p = self.clamped_run()\n",
    "            \n",
    "            #DIRECTION OF UPDATE - whether to inc or dec\n",
    "            # direction = np.sign(p-p_prime)\n",
    "            direction = (p-p_prime)\n",
    "\n",
    "            np.fill_diagonal(direction, 0)\n",
    "\n",
    "            self.learning_debug.append({\n",
    "                'p': p, \n",
    "                'p_prime': p_prime, \n",
    "                'direction': direction, \n",
    "                'W': self.W\n",
    "            })\n",
    "            \n",
    "            #WEIGHT UPDATE by fixed magnitude\n",
    "            self.W = self.W + direction*self.weight_update_magnitude\n",
    "            W_progression.append(self.W.copy())\n",
    "            \n",
    "        return W_progression\n",
    "    \n",
    "    def calc_energy(self, state):\n",
    "        energy = -(state@(self.W@state))*0.5\n",
    "        return energy\n",
    "    \n",
    "    def create_states_dist(self, equi_states):\n",
    "        equi_dist = np.unique(equi_states, axis=0, return_counts=True)\n",
    "        states, state_counts = equi_dist\n",
    "        state_labels = [stringify_vec(state) for state in states]\n",
    "        state_energies = [self.calc_energy(state) for state in states]\n",
    "\n",
    "        return {\n",
    "            'states': states,\n",
    "            'state_labels': state_labels,\n",
    "            'state_counts': state_counts,\n",
    "            'state_energies': state_energies\n",
    "        }\n",
    "    \n",
    "def parity_problem_testing(env_states, bm):\n",
    "    test_res = []\n",
    "    for query in env_states:\n",
    "        query = query.copy()\n",
    "        ans = query[2]\n",
    "        query[2] = -1\n",
    "        print(query, end=', ')\n",
    "\n",
    "        res = bm.search(query)\n",
    "        uniqs, uniqs_counts = np.unique(res[:, 2], return_counts=True)\n",
    "        pred = uniqs[np.argmax(uniqs_counts)]\n",
    "        is_correct = (pred==ans)\n",
    "        print(uniqs, uniqs_counts, is_correct)\n",
    "        test_res.append(is_correct)\n",
    "\n",
    "    print(f'Result: {sum(test_res)}/4')\n",
    "\n",
    "def plot_sigmoid(max_x, T):\n",
    "    x = np.arange(-max_x, max_x)\n",
    "    y = 1 / (1 + np.exp(-x/T))\n",
    "    plt.plot(x, y)\n",
    "\n",
    "\n",
    "def stringify_vec(vec):\n",
    "    s = np.array2string(vec)\n",
    "    s = s.replace('.', '').replace('[', '').replace(']', '').replace(' ', '')\n",
    "    return s\n",
    "\n",
    "\n",
    "def gen_free_state_dist_pdf(bm, pdf_name='free_run_plots.pdf'):\n",
    "    with PdfPages(pdf_name) as pdf:\n",
    "        for debug_dict in bm.free_run_debug:\n",
    "            # bm_test = BoltzmannMachine(env_states, 1)\n",
    "            # bm_test.W = debug_dict['W']\n",
    "\n",
    "            num_states = debug_dict['state_counts'].shape[0]\n",
    "            # if num_states < 16:\n",
    "            #     new_states = all_states - set(debug_dict['state_labels'])\n",
    "            #     debug_dict['state_labels'].extend(new_states)\n",
    "            #     debug_dict['state_counts'].extend\n",
    "\n",
    "            fig = plt.figure(figsize= (15, 5))    \n",
    "            dist = np.array(sorted(zip(debug_dict['state_labels'], \n",
    "                                    debug_dict['state_counts'], \n",
    "                                    debug_dict['state_energies'],\n",
    "                                    np.arange(num_states)), \n",
    "                                key=lambda x: x[2]))\n",
    "            \n",
    "\n",
    "            sorted_states = debug_dict['states'][dist[:, 3].astype(int)]\n",
    "            ranks = get_env_states_ranks(bm.env_states, sorted_states, bm.num_vnodes)\n",
    "            # print(min(ranks), max(ranks))\n",
    "            print(sorted(ranks))\n",
    "\n",
    "            sorted_energies = dist[:, 2].astype(float)\n",
    "            norm = plt.Normalize(min(sorted_energies), max(sorted_energies))\n",
    "            # Create a colormap\n",
    "            cmap = plt.cm.viridis\n",
    "            # Map the real values to colors\n",
    "            colors = cmap(norm(sorted_energies))\n",
    "\n",
    "            edgecolors = np.array(['black']*num_states)\n",
    "            edgecolors[ranks] = 'g'\n",
    "\n",
    "            plt.bar(dist[:, 0], \n",
    "                    dist[:, 1].astype(int), \n",
    "                    width=0.5, \n",
    "                    color=colors,\n",
    "                    edgecolor = edgecolors,\n",
    "                    linewidth = 3)\n",
    "            \n",
    "            sm = plt.cm.ScalarMappable(cmap=cmap, norm=norm)\n",
    "            sm.set_array([])\n",
    "            fig.colorbar(sm)\n",
    "\n",
    "            # plt.show()\n",
    "            # plt.title('Line Plot')\n",
    "            # plt.xlabel('X-axis')\n",
    "            # plt.ylabel('Y-axis')\n",
    "            # plt.legend()\n",
    "            pdf.savefig()  # Save the current figure into the PDF\n",
    "            plt.close()  # Close the figure\n",
    "\n",
    "\n",
    "def get_env_states_ranks(env_states, uniq_sorted_states, num_vnodes):\n",
    "    ranks = []\n",
    "    for env_state in env_states:\n",
    "        mask = (uniq_sorted_states[:, :num_vnodes] == env_state).all(axis=1)\n",
    "        ranks.extend(np.nonzero(mask)[0])\n",
    "\n",
    "    return ranks\n",
    "\n",
    "def gen_clamped_state_dist_pdf(bm, pdf_name='clamped_run_plots.pdf'):\n",
    "    with PdfPages(pdf_name) as pdf:\n",
    "        for debug_list in bm.clamped_run_debug:\n",
    "            fig = plt.figure(figsize= (15, 5))    \n",
    "\n",
    "            for i, debug_dict in enumerate(debug_list):\n",
    "                dist = np.array(sorted(zip(debug_dict['state_labels'], \n",
    "                                           debug_dict['state_counts'], \n",
    "                                           debug_dict['state_energies']), \n",
    "                                      key=lambda x: x[2]))\n",
    "            \n",
    "                # print(dist.shape, end=', ')\n",
    "            \n",
    "                sorted_energies = dist[:, 2].astype(float)\n",
    "                norm = plt.Normalize(min(sorted_energies), max(sorted_energies))\n",
    "                # Create a colormap\n",
    "                cmap = plt.cm.viridis\n",
    "                # Map the real values to colors\n",
    "                colors = cmap(norm(sorted_energies))\n",
    "\n",
    "                plt.subplot(2, 2, i+1)\n",
    "                plt.bar(dist[:, 0], dist[:, 1].astype(int), width=0.5, color=colors)\n",
    "            \n",
    "                sm = plt.cm.ScalarMappable(cmap=cmap, norm=norm)\n",
    "                sm.set_array([])\n",
    "                fig.colorbar(sm)\n",
    "\n",
    "            pdf.savefig()  # Save the current figure into the PDF\n",
    "            plt.close()  # Close the figure\n",
    "\n",
    "def gen_learning_plots_pdf(bm, pdf_name='learning_plots.pdf'):\n",
    "    with PdfPages(pdf_name) as pdf:\n",
    "        for debug_dict in bm.learning_debug:\n",
    "            fig = plt.figure(figsize= (15, 5))    \n",
    "\n",
    "            for i, item in enumerate(debug_dict.items()):\n",
    "            \n",
    "                # sorted_energies = dist[:, 2].astype(float)\n",
    "                # norm = plt.Normalize(min(sorted_energies), max(sorted_energies))\n",
    "                # Create a colormap\n",
    "                # cmap = plt.cm.viridis\n",
    "                # Map the real values to colors\n",
    "                # colors = cmap(norm(sorted_energies))\n",
    "\n",
    "                ax = plt.subplot(2, 2, i+1,)\n",
    "                im = plt.imshow(item[1])\n",
    "                plt.title(item[0])\n",
    "                plt.colorbar()\n",
    "            \n",
    "                # sm = plt.cm.ScalarMappable(cmap=cmap, norm=norm)\n",
    "                # sm.set_array([])\n",
    "                # fig.colorbar(sm)\n",
    "\n",
    "            pdf.savefig()  # Save the current figure into the PDF\n",
    "            plt.close()  # Close the figure"
   ]
  },
  {
   "cell_type": "markdown",
   "metadata": {},
   "source": [
    "# Exp1: Parity Problem"
   ]
  },
  {
   "cell_type": "code",
   "execution_count": null,
   "metadata": {},
   "outputs": [
    {
     "data": {
      "application/vnd.jupyter.widget-view+json": {
       "model_id": "85206bc7a376405281a7dd2e3c13c712",
       "version_major": 2,
       "version_minor": 0
      },
      "text/plain": [
       "  0%|          | 0/2000 [00:00<?, ?it/s]"
      ]
     },
     "metadata": {},
     "output_type": "display_data"
    }
   ],
   "source": [
    "env_states = np.array([\n",
    "    [0, 0, 0],\n",
    "    [0, 1, 1],\n",
    "    [1, 0, 1],\n",
    "    [1, 1, 0]\n",
    "    ])\n",
    "\n",
    "all_states = {stringify_vec(state) for state in np.array([[0, 0, 0, 0, 1],\n",
    "                    [0, 0, 0, 1, 1],\n",
    "                    [0, 0, 1, 0, 1],\n",
    "                    [0, 0, 1, 1, 1],\n",
    "                    [0, 1, 0, 0, 1],\n",
    "                    [0, 1, 0, 1, 1],\n",
    "                    [0, 1, 1, 0, 1],\n",
    "                    [0, 1, 1, 1, 1],\n",
    "                    [1, 0, 0, 0, 1],\n",
    "                    [1, 0, 0, 1, 1],\n",
    "                    [1, 0, 1, 0, 1],\n",
    "                    [1, 0, 1, 1, 1],\n",
    "                    [1, 1, 0, 0, 1],\n",
    "                    [1, 1, 0, 1, 1],\n",
    "                    [1, 1, 1, 0, 1],\n",
    "                    [1, 1, 1, 1, 1]])}\n",
    "\n",
    "init_W = np.array([[ 0.     , -2.47075, -2.44625, -5.72825,  3.5965 ],\n",
    "       [-2.47075,  0.     , -2.48225, -5.7075 ,  3.49025],\n",
    "       [-2.44625, -2.48225,  0.     , -5.7355 ,  3.58775],\n",
    "       [-5.72825, -5.7075 , -5.7355 ,  0.     ,  4.9675 ],\n",
    "       [ 3.5965 ,  3.49025,  3.58775,  4.9675 ,  0.     ]])\n",
    "init_W=None\n",
    "\n",
    "num_hid_nodes = 1\n",
    "bm = BoltzmannMachine(env_states, num_hid_nodes, init_W=init_W)\n",
    "bm.equil_time_temp = (1000, 0.5)\n",
    "bm.weight_update_magnitude = 1\n",
    "\n",
    "Ws = bm.learn(2000)"
   ]
  },
  {
   "cell_type": "code",
   "execution_count": 18,
   "metadata": {},
   "outputs": [
    {
     "data": {
      "text/plain": [
       "array([[ 0.      , -3.319125, -3.361125, -7.644625,  5.155875],\n",
       "       [-3.319125,  0.      , -3.390875, -7.662375,  5.123875],\n",
       "       [-3.361125, -3.390875,  0.      , -7.64025 ,  5.068   ],\n",
       "       [-7.644625, -7.662375, -7.64025 ,  0.      ,  6.74575 ],\n",
       "       [ 5.155875,  5.123875,  5.068   ,  6.74575 ,  0.      ]])"
      ]
     },
     "execution_count": 18,
     "metadata": {},
     "output_type": "execute_result"
    }
   ],
   "source": [
    "## LEARNED Correct Weights\n",
    "\n",
    "Ws[-1]"
   ]
  },
  {
   "cell_type": "code",
   "execution_count": 20,
   "metadata": {},
   "outputs": [],
   "source": [
    "# plot_sigmoid(5, 0.5)"
   ]
  },
  {
   "cell_type": "code",
   "execution_count": 58,
   "metadata": {},
   "outputs": [
    {
     "data": {
      "text/plain": [
       "(4, 14)"
      ]
     },
     "execution_count": 58,
     "metadata": {},
     "output_type": "execute_result"
    }
   ],
   "source": [
    "ranks = []\n",
    "for correct_env_state in env_states:\n",
    "    mask = (sorted_states[:, :3] == correct_env_state).all(axis=1)\n",
    "    ranks.extend(np.nonzero(mask)[0])\n",
    "    # correct_count = debug_dict['state_counts'][mask].sum()\n",
    "\n",
    "    # incorrect_env_state = correct_env_state.copy()\n",
    "    # incorrect_env_state[2] = 1 if incorrect_env_state[2] == 0 else 0\n",
    "    \n",
    "    # mask = (debug_dict['states'][:, :3] == incorrect_env_state).all(axis=1)\n",
    "    # incorrect_count = debug_dict['state_counts'][mask].sum()\n",
    "\n",
    "    # print(correct_env_state, correct_count, incorrect_count)\n",
    "\n",
    "min(ranks), max(ranks)"
   ]
  },
  {
   "cell_type": "code",
   "execution_count": 24,
   "metadata": {},
   "outputs": [
    {
     "name": "stdout",
     "output_type": "stream",
     "text": [
      "[0, 1, 2, 3, 11]\n",
      "[0, 1, 2, 3]\n"
     ]
    },
    {
     "name": "stderr",
     "output_type": "stream",
     "text": [
      "C:\\Users\\Acer\\AppData\\Local\\Temp\\ipykernel_3580\\3842491127.py:258: MatplotlibDeprecationWarning: Unable to determine Axes to steal space for Colorbar. Using gca(), but will raise in the future. Either provide the *cax* argument to use as the Axes for the Colorbar, provide the *ax* argument to steal space from it, or add *mappable* to an Axes.\n",
      "  fig.colorbar(sm)\n"
     ]
    },
    {
     "name": "stdout",
     "output_type": "stream",
     "text": [
      "[0, 1, 2, 3]\n",
      "[0, 1, 2, 3]\n",
      "[0, 1, 2, 3, 11]\n",
      "[0, 1, 2, 3]\n",
      "[0, 1, 2, 3]\n",
      "[0, 1, 2, 3]\n",
      "[0, 1, 2, 3]\n",
      "[0, 1, 2, 3, 11]\n",
      "[0, 1, 2, 3]\n",
      "[0, 1, 2, 3]\n",
      "[0, 1, 2, 3]\n",
      "[0, 1, 2, 3]\n",
      "[0, 1, 2, 3, 11]\n",
      "[0, 1, 2, 3]\n",
      "[0, 1, 2, 3]\n",
      "[0, 1, 2, 3, 11]\n",
      "[0, 1, 2, 3]\n",
      "[0, 1, 2, 3]\n",
      "[0, 1, 2, 3]\n",
      "[0, 1, 2, 3]\n",
      "[0, 1, 2, 3]\n",
      "[0, 1, 2, 3]\n",
      "[0, 1, 2, 3]\n",
      "[0, 1, 2, 3, 11]\n",
      "[0, 1, 2, 3]\n",
      "[0, 1, 2, 3]\n",
      "[0, 1, 2, 3]\n",
      "[0, 1, 2, 3]\n",
      "[0, 1, 2, 3]\n",
      "[0, 1, 2, 3]\n",
      "[0, 1, 2, 3]\n",
      "[0, 1, 2, 3]\n",
      "[0, 1, 2, 3]\n",
      "[0, 1, 2, 3]\n",
      "[0, 1, 2, 3]\n",
      "[0, 1, 2, 3]\n",
      "[0, 1, 2, 3]\n",
      "[0, 1, 2, 3]\n",
      "[0, 1, 2, 3]\n",
      "[0, 1, 2, 3]\n",
      "[0, 1, 2, 3]\n",
      "[0, 1, 2, 3]\n",
      "[0, 1, 2, 3]\n",
      "[0, 1, 2, 3]\n",
      "[0, 1, 2, 3]\n",
      "[0, 1, 2, 3]\n",
      "[0, 1, 2, 3]\n",
      "[0, 1, 2, 3]\n",
      "[0, 1, 2, 3]\n",
      "[0, 1, 2, 3]\n",
      "[0, 1, 2, 3]\n",
      "[0, 1, 2, 3, 11]\n",
      "[0, 1, 2, 3]\n",
      "[0, 1, 2, 3]\n",
      "[0, 1, 2, 3]\n",
      "[0, 1, 2, 3]\n",
      "[0, 1, 2, 3]\n",
      "[0, 1, 2, 3]\n",
      "[0, 1, 2, 3]\n",
      "[0, 1, 2, 3]\n",
      "[0, 1, 2, 3]\n",
      "[0, 1, 2, 3, 11]\n",
      "[0, 1, 2, 3, 11]\n",
      "[0, 1, 2, 3]\n",
      "[0, 1, 2, 3]\n",
      "[0, 1, 2, 3]\n",
      "[0, 1, 2, 3]\n",
      "[0, 1, 2, 3, 11]\n",
      "[0, 1, 2, 3, 11]\n",
      "[0, 1, 2, 3]\n",
      "[0, 1, 2, 3]\n",
      "[0, 1, 2, 3]\n",
      "[0, 1, 2, 3]\n",
      "[0, 1, 2, 3]\n",
      "[0, 1, 2, 3]\n",
      "[0, 1, 2, 3]\n",
      "[0, 1, 2, 3]\n",
      "[0, 1, 2, 3, 11]\n",
      "[0, 1, 2, 3]\n",
      "[0, 1, 2, 3]\n",
      "[0, 1, 2, 3, 11]\n",
      "[0, 1, 2, 3]\n",
      "[0, 1, 2, 3]\n",
      "[0, 1, 2, 3, 11]\n",
      "[0, 1, 2, 3]\n",
      "[0, 1, 2, 3, 11]\n",
      "[0, 1, 2, 3]\n",
      "[0, 1, 2, 3]\n",
      "[0, 1, 2, 3]\n",
      "[0, 1, 2, 3]\n",
      "[0, 1, 2, 3, 11]\n",
      "[0, 1, 2, 3]\n",
      "[0, 1, 2, 3]\n",
      "[0, 1, 2, 3]\n",
      "[0, 1, 2, 3]\n",
      "[0, 1, 2, 3]\n",
      "[0, 1, 2, 3]\n",
      "[0, 1, 2, 3]\n",
      "[0, 1, 2, 3]\n",
      "[0, 1, 2, 3]\n",
      "[0, 1, 2, 3]\n",
      "[0, 1, 2, 3]\n",
      "[0, 1, 2, 3]\n",
      "[0, 1, 2, 3]\n",
      "[0, 1, 2, 3]\n",
      "[0, 1, 2, 3, 11]\n",
      "[0, 1, 2, 3]\n",
      "[0, 1, 2, 3]\n",
      "[0, 1, 2, 3]\n",
      "[0, 1, 2, 3]\n",
      "[0, 1, 2, 3]\n",
      "[0, 1, 2, 3]\n",
      "[0, 1, 2, 3]\n",
      "[0, 1, 2]\n",
      "[0, 1, 2, 3]\n",
      "[0, 1, 2, 3]\n",
      "[0, 1, 2, 3, 11]\n",
      "[0, 1, 2, 3]\n",
      "[0, 1, 2, 3]\n",
      "[0, 1, 2, 3]\n",
      "[0, 1, 2, 3, 11]\n",
      "[0, 1, 2, 3, 11, 12]\n",
      "[0, 1, 2, 3]\n",
      "[0, 1, 2, 3]\n",
      "[0, 1, 2, 3, 11]\n",
      "[0, 1, 2, 3, 11]\n",
      "[0, 1, 2, 3, 11]\n",
      "[0, 1, 2, 3]\n",
      "[0, 1, 2, 3]\n",
      "[0, 1, 2, 3]\n",
      "[0, 1, 2, 3, 11]\n",
      "[0, 1, 2, 3]\n",
      "[0, 1, 2, 3]\n",
      "[0, 1, 2, 3]\n",
      "[0, 1, 2, 3]\n",
      "[0, 1, 2, 3]\n",
      "[0, 1, 2, 3]\n",
      "[0, 1, 2, 3]\n",
      "[0, 1, 2, 3, 11]\n",
      "[0, 1, 2, 3]\n",
      "[0, 1, 2, 3]\n",
      "[0, 1, 2, 3]\n",
      "[0, 1, 2, 3]\n",
      "[0, 1, 2, 3]\n",
      "[0, 1, 2, 3, 11]\n",
      "[0, 1, 2, 3]\n",
      "[0, 1, 2, 3]\n",
      "[0, 1, 2, 3]\n",
      "[0, 1, 2, 3]\n",
      "[0, 1, 2, 3]\n",
      "[0, 1, 2, 3]\n",
      "[0, 1, 2, 3]\n",
      "[0, 1, 2, 3]\n",
      "[0, 1, 2, 3]\n",
      "[0, 1, 2, 3]\n",
      "[0, 1, 2, 3]\n",
      "[0, 1, 2, 3]\n",
      "[0, 1, 2, 3]\n",
      "[0, 1, 2, 3]\n",
      "[0, 1, 2, 3]\n",
      "[0, 1, 2, 3, 11]\n",
      "[0, 1, 2, 3]\n",
      "[0, 1, 2, 3]\n",
      "[0, 1, 2, 3]\n",
      "[0, 1, 2, 3]\n",
      "[0, 1, 2, 3]\n",
      "[0, 1, 2, 3]\n",
      "[0, 1, 2, 3]\n",
      "[0, 1, 2, 3]\n",
      "[0, 1, 2, 3]\n",
      "[0, 1, 2, 3]\n",
      "[0, 1, 2, 3]\n",
      "[0, 1, 2, 3]\n",
      "[0, 1, 2, 3, 11]\n",
      "[0, 1, 2, 3]\n",
      "[0, 1, 2, 3]\n",
      "[0, 1, 2, 3]\n",
      "[0, 1, 2, 3]\n",
      "[0, 1, 2, 3]\n",
      "[0, 1, 2, 3]\n",
      "[0, 1, 2, 3]\n",
      "[0, 1, 2, 3]\n",
      "[0, 1, 2, 3]\n",
      "[0, 1, 2, 3, 11]\n",
      "[0, 1, 2, 3]\n",
      "[0, 1, 2, 3]\n",
      "[0, 1, 2, 3]\n",
      "[0, 1, 2, 3]\n",
      "[0, 1, 2, 3]\n",
      "[0, 1, 2, 3]\n",
      "[0, 1, 2, 3]\n",
      "[0, 1, 2, 3]\n",
      "[0, 1, 2, 3]\n",
      "[0, 1, 2, 3]\n",
      "[0, 1, 2, 3]\n",
      "[0, 1, 2, 3]\n",
      "[0, 1, 2, 3]\n",
      "[0, 1, 2, 3, 11]\n"
     ]
    },
    {
     "name": "stderr",
     "output_type": "stream",
     "text": [
      "C:\\Users\\Acer\\AppData\\Local\\Temp\\ipykernel_3580\\3842491127.py:302: MatplotlibDeprecationWarning: Unable to determine Axes to steal space for Colorbar. Using gca(), but will raise in the future. Either provide the *cax* argument to use as the Axes for the Colorbar, provide the *ax* argument to steal space from it, or add *mappable* to an Axes.\n",
      "  fig.colorbar(sm)\n"
     ]
    },
    {
     "name": "stdout",
     "output_type": "stream",
     "text": [
      "PDFs generated!\n"
     ]
    }
   ],
   "source": [
    "with PdfPages('ws_plots.pdf') as pdf:\n",
    "    for W_ in Ws:\n",
    "        plt.hist(W_.flatten())\n",
    "        pdf.savefig()\n",
    "        plt.close()\n",
    "\n",
    "\n",
    "gen_free_state_dist_pdf(bm)\n",
    "gen_clamped_state_dist_pdf(bm)\n",
    "gen_learning_plots_pdf(bm)\n",
    "\n",
    "\n",
    "print('PDFs generated!')"
   ]
  },
  {
   "cell_type": "code",
   "execution_count": null,
   "metadata": {},
   "outputs": [
    {
     "name": "stdout",
     "output_type": "stream",
     "text": [
      "[[0. 0. 0. 0. 0.]\n",
      " [0. 0. 0. 0. 0.]\n",
      " [0. 0. 0. 0. 0.]\n",
      " [0. 0. 0. 0. 0.]\n",
      " [0. 0. 0. 0. 0.]]\n",
      "------------------------------\n",
      "[[ 0.       -0.006875  0.000375 -0.001    -0.016   ]\n",
      " [-0.006875  0.        0.004625 -0.003625  0.003625]\n",
      " [ 0.000375  0.004625  0.        0.005     0.01    ]\n",
      " [-0.001    -0.003625  0.005     0.        0.009375]\n",
      " [-0.016     0.003625  0.01      0.009375  0.      ]]\n",
      "------------------------------\n",
      "[[ 0.        0.007125  0.001375 -0.00025  -0.0165  ]\n",
      " [ 0.007125  0.        0.014625 -0.000125  0.02075 ]\n",
      " [ 0.001375  0.014625  0.        0.00775   0.0135  ]\n",
      " [-0.00025  -0.000125  0.00775   0.       -0.011375]\n",
      " [-0.0165    0.02075   0.0135   -0.011375  0.      ]]\n",
      "------------------------------\n",
      "[[ 0.        0.003125  0.001375 -0.005375 -0.009125]\n",
      " [ 0.003125  0.        0.001125 -0.019375  0.000875]\n",
      " [ 0.001375  0.001125  0.        0.0035    0.016   ]\n",
      " [-0.005375 -0.019375  0.0035    0.       -0.01825 ]\n",
      " [-0.009125  0.000875  0.016    -0.01825   0.      ]]\n",
      "------------------------------\n",
      "[[ 0.        0.010875  0.0035   -0.039625 -0.016   ]\n",
      " [ 0.010875  0.        0.012875 -0.018375  0.018625]\n",
      " [ 0.0035    0.012875  0.       -0.00925   0.014   ]\n",
      " [-0.039625 -0.018375 -0.00925   0.       -0.04625 ]\n",
      " [-0.016     0.018625  0.014    -0.04625   0.      ]]\n",
      "------------------------------\n",
      "[[ 0.        0.020875  0.030625 -0.036125  0.013375]\n",
      " [ 0.020875  0.        0.011375 -0.033     0.010125]\n",
      " [ 0.030625  0.011375  0.       -0.0185    0.020875]\n",
      " [-0.036125 -0.033    -0.0185    0.       -0.06525 ]\n",
      " [ 0.013375  0.010125  0.020875 -0.06525   0.      ]]\n",
      "------------------------------\n",
      "[[ 0.        0.004375  0.003375 -0.036    -0.0065  ]\n",
      " [ 0.004375  0.       -0.013125 -0.02375  -0.005375]\n",
      " [ 0.003375 -0.013125  0.       -0.008625 -0.005   ]\n",
      " [-0.036    -0.02375  -0.008625  0.       -0.03425 ]\n",
      " [-0.0065   -0.005375 -0.005    -0.03425   0.      ]]\n",
      "------------------------------\n",
      "[[ 0.        0.026125  0.033375 -0.01775   0.039875]\n",
      " [ 0.026125  0.       -0.005    -0.030375 -0.003125]\n",
      " [ 0.033375 -0.005     0.       -0.01575  -0.00325 ]\n",
      " [-0.01775  -0.030375 -0.01575   0.       -0.054875]\n",
      " [ 0.039875 -0.003125 -0.00325  -0.054875  0.      ]]\n",
      "------------------------------\n",
      "[[ 0.        0.026625  0.02075  -0.024     0.024625]\n",
      " [ 0.026625  0.        0.006    -0.018     0.026375]\n",
      " [ 0.02075   0.006     0.       -0.02525  -0.0075  ]\n",
      " [-0.024    -0.018    -0.02525   0.       -0.057875]\n",
      " [ 0.024625  0.026375 -0.0075   -0.057875  0.      ]]\n",
      "------------------------------\n",
      "[[ 0.        0.002     0.0185   -0.021875  0.000875]\n",
      " [ 0.002     0.        0.003375 -0.0115    0.00875 ]\n",
      " [ 0.0185    0.003375  0.       -0.019     0.004375]\n",
      " [-0.021875 -0.0115   -0.019     0.       -0.059625]\n",
      " [ 0.000875  0.00875   0.004375 -0.059625  0.      ]]\n",
      "------------------------------\n",
      "[[ 0.        0.0105    0.013875 -0.016625 -0.002875]\n",
      " [ 0.0105    0.        0.0075   -0.009     0.02025 ]\n",
      " [ 0.013875  0.0075    0.       -0.02875  -0.00625 ]\n",
      " [-0.016625 -0.009    -0.02875   0.       -0.058625]\n",
      " [-0.002875  0.02025  -0.00625  -0.058625  0.      ]]\n",
      "------------------------------\n",
      "[[ 0.        0.012625  0.03025  -0.0065    0.018875]\n",
      " [ 0.012625  0.        0.00825  -0.02225  -0.00075 ]\n",
      " [ 0.03025   0.00825   0.       -0.02375   0.013125]\n",
      " [-0.0065   -0.02225  -0.02375   0.       -0.067   ]\n",
      " [ 0.018875 -0.00075   0.013125 -0.067     0.      ]]\n",
      "------------------------------\n",
      "[[ 0.        0.00425   0.007875 -0.018625 -0.001125]\n",
      " [ 0.00425   0.       -0.01025  -0.025625 -0.008875]\n",
      " [ 0.007875 -0.01025   0.       -0.04625  -0.015625]\n",
      " [-0.018625 -0.025625 -0.04625   0.       -0.076125]\n",
      " [-0.001125 -0.008875 -0.015625 -0.076125  0.      ]]\n",
      "------------------------------\n",
      "[[ 0.       -0.00275   0.020125 -0.0215   -0.015   ]\n",
      " [-0.00275   0.        0.014625 -0.014125  0.007125]\n",
      " [ 0.020125  0.014625  0.       -0.031875  0.015625]\n",
      " [-0.0215   -0.014125 -0.031875  0.       -0.074875]\n",
      " [-0.015     0.007125  0.015625 -0.074875  0.      ]]\n",
      "------------------------------\n",
      "[[ 0.       -0.026125  0.015875 -0.0295   -0.02725 ]\n",
      " [-0.026125  0.        0.000125 -0.02375  -0.0225  ]\n",
      " [ 0.015875  0.000125  0.       -0.022125  0.01625 ]\n",
      " [-0.0295   -0.02375  -0.022125  0.       -0.056875]\n",
      " [-0.02725  -0.0225    0.01625  -0.056875  0.      ]]\n",
      "------------------------------\n",
      "[[ 0.        0.01875   0.044375 -0.008     0.0265  ]\n",
      " [ 0.01875   0.        0.0085   -0.009625 -0.000625]\n",
      " [ 0.044375  0.0085    0.       -0.01375   0.022125]\n",
      " [-0.008    -0.009625 -0.01375   0.       -0.05825 ]\n",
      " [ 0.0265   -0.000625  0.022125 -0.05825   0.      ]]\n",
      "------------------------------\n",
      "[[ 0.       -0.003875  0.010125 -0.044    -0.031375]\n",
      " [-0.003875  0.        0.0085   -0.008     0.009875]\n",
      " [ 0.010125  0.0085    0.       -0.0215    0.014625]\n",
      " [-0.044    -0.008    -0.0215    0.       -0.0525  ]\n",
      " [-0.031375  0.009875  0.014625 -0.0525    0.      ]]\n",
      "------------------------------\n",
      "[[ 0.        0.017     0.017625 -0.02125   0.0075  ]\n",
      " [ 0.017     0.        0.0005   -0.003125  0.011125]\n",
      " [ 0.017625  0.0005    0.       -0.019875  0.003375]\n",
      " [-0.02125  -0.003125 -0.019875  0.       -0.054875]\n",
      " [ 0.0075    0.011125  0.003375 -0.054875  0.      ]]\n",
      "------------------------------\n",
      "[[ 0.        0.0075    0.015125 -0.01575   0.003125]\n",
      " [ 0.0075    0.       -0.003875 -0.003875 -0.011625]\n",
      " [ 0.015125 -0.003875  0.        0.001875  0.010375]\n",
      " [-0.01575  -0.003875  0.001875  0.       -0.03375 ]\n",
      " [ 0.003125 -0.011625  0.010375 -0.03375   0.      ]]\n",
      "------------------------------\n",
      "[[ 0.       -0.00075  -0.00975  -0.023875 -0.0125  ]\n",
      " [-0.00075   0.       -0.019375 -0.005625 -0.02825 ]\n",
      " [-0.00975  -0.019375  0.       -0.0185   -0.01825 ]\n",
      " [-0.023875 -0.005625 -0.0185    0.       -0.038875]\n",
      " [-0.0125   -0.02825  -0.01825  -0.038875  0.      ]]\n",
      "------------------------------\n",
      "[[ 0.        0.014875  0.014    -0.042    -0.005   ]\n",
      " [ 0.014875  0.        0.02475  -0.0205    0.005875]\n",
      " [ 0.014     0.02475   0.       -0.029875  0.024625]\n",
      " [-0.042    -0.0205   -0.029875  0.       -0.084625]\n",
      " [-0.005     0.005875  0.024625 -0.084625  0.      ]]\n",
      "------------------------------\n",
      "[[ 0.       -0.0125   -0.019625 -0.043375 -0.0245  ]\n",
      " [-0.0125    0.       -0.003    -0.015875 -0.01325 ]\n",
      " [-0.019625 -0.003     0.       -0.022625 -0.00975 ]\n",
      " [-0.043375 -0.015875 -0.022625  0.       -0.064   ]\n",
      " [-0.0245   -0.01325  -0.00975  -0.064     0.      ]]\n",
      "------------------------------\n",
      "[[ 0.        0.003625  0.02325  -0.03325   0.010125]\n",
      " [ 0.003625  0.        0.01825  -0.015125 -0.010375]\n",
      " [ 0.02325   0.01825   0.       -0.01575   0.02475 ]\n",
      " [-0.03325  -0.015125 -0.01575   0.       -0.068875]\n",
      " [ 0.010125 -0.010375  0.02475  -0.068875  0.      ]]\n",
      "------------------------------\n",
      "[[ 0.        0.013375  0.00175  -0.043375  0.003375]\n",
      " [ 0.013375  0.        0.0095   -0.014125  0.007125]\n",
      " [ 0.00175   0.0095    0.       -0.034125 -0.007375]\n",
      " [-0.043375 -0.014125 -0.034125  0.       -0.074   ]\n",
      " [ 0.003375  0.007125 -0.007375 -0.074     0.      ]]\n",
      "------------------------------\n",
      "[[ 0.        0.024125  0.008375 -0.0345   -0.00125 ]\n",
      " [ 0.024125  0.        0.019625 -0.00375   0.026375]\n",
      " [ 0.008375  0.019625  0.       -0.0245   -0.00275 ]\n",
      " [-0.0345   -0.00375  -0.0245    0.       -0.05925 ]\n",
      " [-0.00125   0.026375 -0.00275  -0.05925   0.      ]]\n",
      "------------------------------\n",
      "[[ 0.       -0.020875 -0.013125 -0.042875 -0.03425 ]\n",
      " [-0.020875  0.       -0.003375 -0.006375 -0.006875]\n",
      " [-0.013125 -0.003375  0.       -0.023    -0.00225 ]\n",
      " [-0.042875 -0.006375 -0.023     0.       -0.054625]\n",
      " [-0.03425  -0.006875 -0.00225  -0.054625  0.      ]]\n",
      "------------------------------\n",
      "[[ 0.       -0.004375  0.006    -0.026625 -0.019875]\n",
      " [-0.004375  0.        0.0075    0.002125 -0.0035  ]\n",
      " [ 0.006     0.0075    0.       -0.019     0.0055  ]\n",
      " [-0.026625  0.002125 -0.019     0.       -0.056   ]\n",
      " [-0.019875 -0.0035    0.0055   -0.056     0.      ]]\n",
      "------------------------------\n",
      "[[ 0.        0.01175   0.0115   -0.008     0.013   ]\n",
      " [ 0.01175   0.        0.000875 -0.003875 -0.003125]\n",
      " [ 0.0115    0.000875  0.       -0.01675  -0.004375]\n",
      " [-0.008    -0.003875 -0.01675   0.       -0.05125 ]\n",
      " [ 0.013    -0.003125 -0.004375 -0.05125   0.      ]]\n",
      "------------------------------\n",
      "[[ 0.        0.01575   0.01925  -0.011625  0.01225 ]\n",
      " [ 0.01575   0.       -0.005375 -0.003625 -0.004375]\n",
      " [ 0.01925  -0.005375  0.       -0.01775   0.002875]\n",
      " [-0.011625 -0.003625 -0.01775   0.       -0.049375]\n",
      " [ 0.01225  -0.004375  0.002875 -0.049375  0.      ]]\n",
      "------------------------------\n",
      "[[ 0.00000000e+00  1.52500000e-02  9.00000000e-03 -2.93750000e-02\n",
      "  -8.75000000e-04]\n",
      " [ 1.52500000e-02  0.00000000e+00  7.12500000e-03 -3.62500000e-03\n",
      "   9.75000000e-03]\n",
      " [ 9.00000000e-03  7.12500000e-03  0.00000000e+00 -1.57500000e-02\n",
      "   5.55111512e-17]\n",
      " [-2.93750000e-02 -3.62500000e-03 -1.57500000e-02  0.00000000e+00\n",
      "  -6.51250000e-02]\n",
      " [-8.75000000e-04  9.75000000e-03  5.55111512e-17 -6.51250000e-02\n",
      "   0.00000000e+00]]\n",
      "------------------------------\n",
      "[[ 0.        0.03675   0.01675  -0.01225   0.029875]\n",
      " [ 0.03675   0.        0.00525  -0.008625  0.009875]\n",
      " [ 0.01675   0.00525   0.       -0.018375 -0.0125  ]\n",
      " [-0.01225  -0.008625 -0.018375  0.       -0.066875]\n",
      " [ 0.029875  0.009875 -0.0125   -0.066875  0.      ]]\n",
      "------------------------------\n",
      "[[ 0.        0.02175   0.01175  -0.012125  0.027125]\n",
      " [ 0.02175   0.       -0.003375 -0.0185   -0.006   ]\n",
      " [ 0.01175  -0.003375  0.       -0.018875 -0.010375]\n",
      " [-0.012125 -0.0185   -0.018875  0.       -0.057   ]\n",
      " [ 0.027125 -0.006    -0.010375 -0.057     0.      ]]\n",
      "------------------------------\n",
      "[[ 0.        0.003375 -0.013125 -0.0185   -0.00675 ]\n",
      " [ 0.003375  0.       -0.000375 -0.004625 -0.0015  ]\n",
      " [-0.013125 -0.000375  0.       -0.012625 -0.013   ]\n",
      " [-0.0185   -0.004625 -0.012625  0.       -0.0345  ]\n",
      " [-0.00675  -0.0015   -0.013    -0.0345    0.      ]]\n",
      "------------------------------\n",
      "[[ 0.       -0.010125 -0.013125 -0.01675  -0.01125 ]\n",
      " [-0.010125  0.        0.00625  -0.013875 -0.014   ]\n",
      " [-0.013125  0.00625   0.       -0.000875 -0.001125]\n",
      " [-0.01675  -0.013875 -0.000875  0.       -0.040625]\n",
      " [-0.01125  -0.014    -0.001125 -0.040625  0.      ]]\n",
      "------------------------------\n",
      "[[ 0.       -0.0005    0.001125 -0.01525  -0.00175 ]\n",
      " [-0.0005    0.        0.022375 -0.011    -0.010875]\n",
      " [ 0.001125  0.022375  0.        0.004875  0.00875 ]\n",
      " [-0.01525  -0.011     0.004875  0.       -0.043625]\n",
      " [-0.00175  -0.010875  0.00875  -0.043625  0.      ]]\n",
      "------------------------------\n",
      "[[ 0.       -0.003875 -0.00075   0.00175  -0.0085  ]\n",
      " [-0.003875  0.        0.02925   0.0015    0.00475 ]\n",
      " [-0.00075   0.02925   0.        0.0245    0.01975 ]\n",
      " [ 0.00175   0.0015    0.0245    0.       -0.0265  ]\n",
      " [-0.0085    0.00475   0.01975  -0.0265    0.      ]]\n",
      "------------------------------\n",
      "[[ 0.        0.004875 -0.008625  0.0205    0.00375 ]\n",
      " [ 0.004875  0.        0.022625  0.002375  0.005875]\n",
      " [-0.008625  0.022625  0.        0.017125 -0.001125]\n",
      " [ 0.0205    0.002375  0.017125  0.       -0.01725 ]\n",
      " [ 0.00375   0.005875 -0.001125 -0.01725   0.      ]]\n",
      "------------------------------\n",
      "[[ 0.       -0.0295   -0.02475   0.008125 -0.03125 ]\n",
      " [-0.0295    0.       -0.00175  -0.00125  -0.018   ]\n",
      " [-0.02475  -0.00175   0.        0.017125 -0.002   ]\n",
      " [ 0.008125 -0.00125   0.017125  0.       -0.006875]\n",
      " [-0.03125  -0.018    -0.002    -0.006875  0.      ]]\n",
      "------------------------------\n",
      "[[ 0.       -0.004125 -0.024625  0.032625 -0.00625 ]\n",
      " [-0.004125  0.        0.0155   -0.000375 -0.00575 ]\n",
      " [-0.024625  0.0155    0.        0.023375  0.008375]\n",
      " [ 0.032625 -0.000375  0.023375  0.       -0.0025  ]\n",
      " [-0.00625  -0.00575   0.008375 -0.0025    0.      ]]\n",
      "------------------------------\n",
      "[[ 0.        0.010125 -0.0405    0.046625 -0.0125  ]\n",
